lake
581.98
578.21
580.29
580.55
577.96
578.6
580.04
577.79
579.87
581.93
580.74
579.66
579.56
580.63
579.17
577.69
579.65
580.12
580.1
578.66
579.84
579.88
580.06
579.09
583.46
582.47
578.84
580.0
579.23
580.64
579.38
579.42
580.7
581.45
578.15
578.27
583.4
581.27
578.46
578.94
581.86
579.19
581.78
579.72
578.54
582.37
578.51
578.56
579.39
578.29
578.62
579.83
579.15
579.38
582.51
579.47
581.16
579.73
578.69
581.17
578.47
578.86
579.52
580.81
580.9
579.14
580.7
581.3
581.84
580.41
579.98
576.83
578.47
577.15
577.52
579.42
579.23
581.15
579.32
578.62
579.55
580.38
577.77
579.24
578.45
579.45
578.41
579.29
578.86
580.52
578.13
577.36
580.36
579.4
584.35
579.28
581.28
579.88
577.23
578.5
